256811617
933940445
7013477099
7655203517
8072769550
7863473883
7871766418
1692270128
6381145705
5859318786
7099405071
7038244762
5889309096
1707824104
7065954046
5051786269
276076345
6439501778
656943623
7520569778
6213495567
7474996781
6359069069
7931488361
6275344099
7140574562
7492674081
7413906564
2067905458
7829818482
7838238017
6712508400
6725657260
7680756453
7157597008
7502442214
5333845323
6972370796
1937107471
7280736781
6202920217
7358731795
7088516094
5748051272
6695605318
7530640166
6779877756
6058059962
6702004044
6713985825
7397352674
5688857302
6350058647
5268100706
7011576102
7303950174
1126473519
6492204607
1210175964
6865365224
5834176440
7014086344
7323317483
6995877103
8009275355
7323539337
6349725774
5645228472
7658185254
-1002513991746
7296618921
6931378721
7349495810
7254389608
932954332
5449480616
6907190529
7376065465
6105332953
5887344509
